[123.jpg]
filters=Soften=1,57.309944,21.637426;Boost=1,39.181286;
moddate=184aeba2dc81d001
width=1600
height=1067
textactive=0
